№   Дата/время           Температура  Осадки (мм)
1   2025-05-07T00:00     2,1          0,00      
2   2025-05-07T01:00     1,6          0,00      
3   2025-05-07T02:00     1,4          0,00      
4   2025-05-07T03:00     1,0          0,00      
5   2025-05-07T04:00     1,0          0,00      
6   2025-05-07T05:00     1,2          0,00      
7   2025-05-07T06:00     3,6          0,00      
8   2025-05-07T07:00     6,2          0,00      
9   2025-05-07T08:00     8,1          0,00      
10  2025-05-07T09:00     9,9          0,00      
11  2025-05-07T10:00     10,7         0,00      
12  2025-05-07T11:00     11,4         0,00      
13  2025-05-07T12:00     12,3         0,00      
14  2025-05-07T13:00     12,3         0,00      
15  2025-05-07T14:00     12,6         0,00      
16  2025-05-07T15:00     12,2         0,00      
17  2025-05-07T16:00     12,0         0,00      
18  2025-05-07T17:00     11,4         0,00      
19  2025-05-07T18:00     10,5         0,10      
20  2025-05-07T19:00     9,5          0,00      
21  2025-05-07T20:00     8,6          0,00      
22  2025-05-07T21:00     7,8          0,00      
23  2025-05-07T22:00     7,2          0,00      
24  2025-05-07T23:00     7,0          0,00      
